
INPUTS
filepath: /Users/Tarney/Dropbox/1_School/JohnsHopkins/MachineLearning649/assignment1/data/pre_processed_data/breast_cancer_wisconsin_benign0_malignant1.csv
fraction of data to train:  0.66
number of input vectors:  683

learning data size:  411
test data size:  272

Winnow2 learned weights:
[0.5, 2.0, 2.0, 1.0, 1.0, 1.0, 4.0, 16.0, 8.0, 32.0, 0.125, 8.0, 1.0, 1.0, 16.0, 8.0, 8.0, 2.0, 1.0, 16.0, 0.125, 0.5, 2.0, 4.0, 16.0, 8.0, 2.0, 16.0, 2.0, 8.0, 4.0, 1.0, 8.0, 8.0, 1.0, 2.0, 2.0, 2.0, 1.0, 16.0, 2.0, 0.0625, 4.0, 16.0, 16.0, 8.0, 2.0, 2.0, 1.0, 8.0, 0.0625, 2.0, 8.0, 2.0, 4.0, 8.0, 2.0, 2.0, 8.0, 16.0, 0.5, 4.0, 0.25, 16.0, 4.0, 2.0, 16.0, 16.0, 2.0, 1.0, 2.0, 0.25, 8.0, 2.0, 4.0, 2.0, 2.0, 4.0, 2.0, 32.0, 8.0, 16.0, 4.0, 2.0, 2.0, 1.0, 1.0, 8.0, 1.0, 2.0]

Naive Bayes learned percentages
[[(0.6717595419847329, 0.3244312977099237), (0.9801390728476822, 0.013251655629139072)], [(0.9160343511450382, 0.08015648854961832), (0.9735165562913908, 0.01987417218543046)], [(0.8015305343511451, 0.19466030534351145), (0.9470264900662252, 0.04636423841059603)], [(0.8435152671755726, 0.15267557251908395), (0.9404039735099338, 0.052986754966887414)], [(0.7977137404580152, 0.19847709923664122), (0.7947086092715232, 0.19868211920529802)], [(0.954202290076336, 0.04198854961832061), (0.9139139072847683, 0.07947682119205297)], [(0.9961870229007632, 3.816793893129771e-06), (0.927158940397351, 0.0662317880794702)], [(0.9923702290076335, 0.0038206106870229003), (0.8344437086092715, 0.15894701986754967)], [(0.9961870229007632, 3.816793893129771e-06), (0.9337814569536425, 0.059609271523178804)], [(0.9961870229007632, 3.816793893129771e-06), (0.6953708609271524, 0.29801986754966886)], [(0.17939312977099237, 0.8167977099236642), (0.9801390728476822, 0.013251655629139072)], [(0.8969503816793893, 0.09924045801526718), (0.9602715231788079, 0.033119205298013245)], [(0.9389351145038168, 0.05725572519083969), (0.8741788079470199, 0.11921192052980133)], [(0.9809198473282442, 0.015270992366412215), (0.8609337748344371, 0.1324569536423841)], [(0.9961870229007632, 3.816793893129771e-06), (0.8543112582781457, 0.1390794701986755)], [(0.9961870229007632, 3.816793893129771e-06), (0.9072913907284769, 0.08609933774834437)], [(0.9961870229007632, 3.816793893129771e-06), (0.9006688741721854, 0.09272185430463575)], [(0.9923702290076335, 0.0038206106870229003), (0.8808013245033113, 0.11258940397350994)], [(0.9923702290076335, 0.0038206106870229003), (0.9735165562913908, 0.01987417218543046)], [(0.9961870229007632, 3.816793893129771e-06), (0.7483509933774835, 0.24503973509933774)], [(0.23282824427480917, 0.7633625954198473), (0.9801390728476822, 0.013251655629139072)], [(0.8740496183206107, 0.12214122137404579), (0.9536490066225166, 0.039741721854304635)], [(0.9313015267175573, 0.06488931297709924), (0.9072913907284769, 0.08609933774834437)], [(0.9656526717557252, 0.030538167938931295), (0.8543112582781457, 0.1390794701986755)], [(0.9923702290076335, 0.0038206106870229003), (0.8741788079470199, 0.11921192052980133)], [(0.9923702290076335, 0.0038206106870229003), (0.8741788079470199, 0.11921192052980133)], [(0.9923702290076335, 0.0038206106870229003), (0.9072913907284769, 0.08609933774834437)], [(0.9923702290076335, 0.0038206106870229003), (0.8476887417218544, 0.1457019867549669)], [(0.9961870229007632, 3.816793893129771e-06), (0.9735165562913908, 0.01987417218543046)], [(0.9961870229007632, 3.816793893129771e-06), (0.7682185430463576, 0.22517218543046355)], [(0.17939312977099237, 0.8167977099236642), (0.8675562913907285, 0.1258344370860927)], [(0.9045839694656489, 0.09160687022900764), (0.9072913907284769, 0.08609933774834437)], [(0.9389351145038168, 0.05725572519083969), (0.8675562913907285, 0.1258344370860927)], [(0.9809198473282442, 0.015270992366412215), (0.8609337748344371, 0.1324569536423841)], [(0.9847366412213739, 0.011454198473282442), (0.9205364238410596, 0.07285430463576159)], [(0.9923702290076335, 0.0038206106870229003), (0.9205364238410596, 0.07285430463576159)], [(0.9961870229007632, 3.816793893129771e-06), (0.9404039735099338, 0.052986754966887414)], [(0.9961870229007632, 3.816793893129771e-06), (0.894046357615894, 0.09934437086092715)], [(0.9961870229007632, 3.816793893129771e-06), (0.9735165562913908, 0.01987417218543046)], [(0.9961870229007632, 3.816793893129771e-06), (0.7880860927152318, 0.20530463576158942)], [(0.8931335877862595, 0.10305725190839696), (0.9867615894039735, 0.006629139072847681)], [(0.20611068702290075, 0.7900801526717558), (0.8808013245033113, 0.11258940397350994)], [(0.9313015267175573, 0.06488931297709924), (0.8211986754966888, 0.17219205298013246)], [(0.9847366412213739, 0.011454198473282442), (0.8609337748344371, 0.1324569536423841)], [(0.9885534351145038, 0.007637404580152671), (0.8344437086092715, 0.15894701986754967)], [(0.9923702290076335, 0.0038206106870229003), (0.8145761589403974, 0.17881456953642386)], [(0.9923702290076335, 0.0038206106870229003), (0.9602715231788079, 0.033119205298013245)], [(0.9885534351145038, 0.007637404580152671), (0.927158940397351, 0.0662317880794702)], [(0.9961870229007632, 3.816793893129771e-06), (0.9867615894039735, 0.006629139072847681)], [(0.9923702290076335, 0.0038206106870229003), (0.8675562913907285, 0.1258344370860927)], [(0.12595801526717557, 0.870232824427481), (0.9337814569536425, 0.059609271523178804)], [(0.954202290076336, 0.04198854961832061), (0.9536490066225166, 0.039741721854304635)], [(0.9732862595419848, 0.022904580152671758), (0.9470264900662252, 0.04636423841059603)], [(0.9809198473282442, 0.015270992366412215), (0.9404039735099338, 0.052986754966887414)], [(0.9656526717557252, 0.030538167938931295), (0.9404039735099338, 0.052986754966887414)], [(0.9961870229007632, 3.816793893129771e-06), (0.9735165562913908, 0.01987417218543046)], [(0.9961870229007632, 3.816793893129771e-06), (0.9668940397350994, 0.026496688741721855)], [(0.9923702290076335, 0.0038206106870229003), (0.9139139072847683, 0.07947682119205297)], [(0.9961870229007632, 3.816793893129771e-06), (0.9404039735099338, 0.052986754966887414)], [(0.9847366412213739, 0.011454198473282442), (0.43047019867549674, 0.5629205298013246)], [(0.6335916030534351, 0.3625992366412214), (0.9801390728476822, 0.013251655629139072)], [(0.6755763358778626, 0.3206145038167939), (0.9602715231788079, 0.033119205298013245)], [(0.7213778625954199, 0.27481297709923663), (0.8609337748344371, 0.1324569536423841)], [(0.9809198473282442, 0.015270992366412215), (0.8543112582781457, 0.1390794701986755)], [(0.9847366412213739, 0.011454198473282442), (0.8741788079470199, 0.11921192052980133)], [(0.9961870229007632, 3.816793893129771e-06), (0.9536490066225166, 0.039741721854304635)], [(0.9847366412213739, 0.011454198473282442), (0.688748344370861, 0.30464238410596023)], [(0.9961870229007632, 3.816793893129771e-06), (0.894046357615894, 0.09934437086092715)], [(0.9961870229007632, 3.816793893129771e-06), (0.9404039735099338, 0.052986754966887414)], [(0.9961870229007632, 3.816793893129771e-06), (0.9337814569536425, 0.059609271523178804)], [(0.13740839694656487, 0.8587824427480916), (0.7814635761589405, 0.21192715231788078)], [(0.9122175572519085, 0.0839732824427481), (0.9801390728476822, 0.013251655629139072)], [(0.9694694656488549, 0.02672137404580153), (0.8543112582781457, 0.1390794701986755)], [(0.9961870229007632, 3.816793893129771e-06), (0.9205364238410596, 0.07285430463576159)], [(0.9923702290076335, 0.0038206106870229003), (0.9337814569536425, 0.059609271523178804)], [(0.9847366412213739, 0.011454198473282442), (0.9404039735099338, 0.052986754966887414)], [(0.9923702290076335, 0.0038206106870229003), (0.9404039735099338, 0.052986754966887414)], [(0.9885534351145038, 0.007637404580152671), (0.9139139072847683, 0.07947682119205297)], [(0.9961870229007632, 3.816793893129771e-06), (0.9205364238410596, 0.07285430463576159)], [(0.9961870229007632, 3.816793893129771e-06), (0.7549735099337749, 0.23841721854304634)], [(0.030538167938931295, 0.9656526717557252), (0.4437152317880795, 0.5496754966887417)], [(0.9809198473282442, 0.015270992366412215), (0.8808013245033113, 0.11258940397350994)], [(0.9885534351145038, 0.007637404580152671), (0.8741788079470199, 0.11921192052980133)], [(0.9961870229007632, 3.816793893129771e-06), (0.9404039735099338, 0.052986754966887414)], [(0.9961870229007632, 3.816793893129771e-06), (0.9801390728476822, 0.013251655629139072)], [(0.9961870229007632, 3.816793893129771e-06), (0.9867615894039735, 0.006629139072847681)], [(0.9923702290076335, 0.0038206106870229003), (0.9602715231788079, 0.033119205298013245)], [(0.9923702290076335, 0.0038206106870229003), (0.9536490066225166, 0.039741721854304635)], [(0.9961870229007632, 3.816793893129771e-06), (0.9933841059602649, 6.622516556291391e-06)], [(0.9961870229007632, 3.816793893129771e-06), (0.927158940397351, 0.0662317880794702)]]

Testing Winnow2 model
classification attempts( 272 ), #fails( 14 ), #success( 258 )

Testing Naive Bayes model
#classification attempts( 272 ), #fails( 9 ), #success( 263 )

