
INPUTS
filepath: /Users/Tarney/Dropbox/1_School/JohnsHopkins/MachineLearning649/assignment1/data/pre_processed_data/breast_cancer_wisconsin_benign0_malignant1.csv
fraction of data to train:  0.66
number of input vectors:  683

learning data size:  411
test data size:  272

Winnow2 learned weights:
[0.25, 2.0, 1.0, 8.0, 0.5, 1.0, 8.0, 8.0, 2.0, 32.0, 0.125, 4.0, 2.0, 2.0, 8.0, 2.0, 4.0, 8.0, 0.5, 16.0, 0.0625, 1.0, 2.0, 8.0, 4.0, 4.0, 8.0, 16.0, 1.0, 4.0, 0.25, 1.0, 2.0, 16.0, 2.0, 4.0, 1.0, 8.0, 1.0, 16.0, 2.0, 1.0, 4.0, 16.0, 8.0, 1.0, 4.0, 1.0, 1.0, 2.0, 0.03125, 0.25, 8.0, 4.0, 8.0, 2.0, 2.0, 4.0, 16.0, 16.0, 0.25, 1.0, 0.125, 8.0, 16.0, 2.0, 16.0, 4.0, 1.0, 16.0, 1.0, 0.25, 8.0, 8.0, 1.0, 1.0, 0.5, 16.0, 4.0, 16.0, 8.0, 4.0, 4.0, 4.0, 2.0, 1.0, 4.0, 2.0, 1.0, 1.0]

Naive Bayes learned percentages
[[(0.678034090909091, 0.3181856060606061), (0.9798724832214766, 0.013429530201342282)], [(0.8787916666666666, 0.11742803030303031), (0.9798724832214766, 0.013429530201342282)], [(0.7727310606060607, 0.22348863636363636), (0.9463154362416107, 0.04698657718120806)], [(0.8674280303030303, 0.12879166666666667), (0.9463154362416107, 0.04698657718120806)], [(0.8333371212121212, 0.16288257575757575), (0.8389328859060403, 0.15436912751677853)], [(0.962125, 0.03409469696969697), (0.9328926174496645, 0.06040939597315436)], [(0.9924280303030302, 0.0037916666666666663), (0.8993355704697987, 0.09396644295302013)], [(0.9886401515151514, 0.007579545454545454), (0.7919530201342282, 0.2013489932885906)], [(0.996215909090909, 3.787878787878788e-06), (0.9328926174496645, 0.06040939597315436)], [(0.996215909090909, 3.787878787878788e-06), (0.6912818791946309, 0.3020201342281879)], [(0.15151893939393937, 0.8447007575757576), (0.9664496644295303, 0.026852348993288592)], [(0.9356098484848485, 0.06060984848484849), (0.9463154362416107, 0.04698657718120806)], [(0.9356098484848485, 0.06060984848484849), (0.8926241610738256, 0.10067785234899329)], [(0.977276515151515, 0.01894318181818182), (0.8792013422818792, 0.11410067114093961)], [(0.996215909090909, 3.787878787878788e-06), (0.8657785234899329, 0.12752348993288593)], [(0.996215909090909, 3.787878787878788e-06), (0.8993355704697987, 0.09396644295302013)], [(0.9924280303030302, 0.0037916666666666663), (0.9194697986577182, 0.07383221476510067)], [(0.9924280303030302, 0.0037916666666666663), (0.8926241610738256, 0.10067785234899329)], [(0.9924280303030302, 0.0037916666666666663), (0.959738255033557, 0.03356375838926175)], [(0.996215909090909, 3.787878787878788e-06), (0.7181275167785235, 0.2751744966442953)], [(0.22348863636363636, 0.7727310606060607), (0.9798724832214766, 0.013429530201342282)], [(0.8825795454545454, 0.11364015151515151), (0.9463154362416107, 0.04698657718120806)], [(0.928034090909091, 0.06818560606060607), (0.8792013422818792, 0.11410067114093961)], [(0.9734886363636363, 0.02273106060606061), (0.872489932885906, 0.12081208053691277)], [(0.9886401515151514, 0.007579545454545454), (0.8993355704697987, 0.09396644295302013)], [(0.996215909090909, 3.787878787878788e-06), (0.8926241610738256, 0.10067785234899329)], [(0.9886401515151514, 0.007579545454545454), (0.9060469798657719, 0.08725503355704697)], [(0.9924280303030302, 0.0037916666666666663), (0.872489932885906, 0.12081208053691277)], [(0.996215909090909, 3.787878787878788e-06), (0.959738255033557, 0.03356375838926175)], [(0.996215909090909, 3.787878787878788e-06), (0.7315503355704698, 0.261751677852349)], [(0.16667045454545454, 0.8295492424242424), (0.8523557046979866, 0.14094630872483221)], [(0.9166704545454546, 0.07954924242424243), (0.9261812080536913, 0.06712080536912751)], [(0.9356098484848485, 0.06060984848484849), (0.8657785234899329, 0.12752348993288593)], [(0.9848522727272726, 0.011367424242424241), (0.8590671140939597, 0.13423489932885907)], [(0.9886401515151514, 0.007579545454545454), (0.8993355704697987, 0.09396644295302013)], [(0.9886401515151514, 0.007579545454545454), (0.9328926174496645, 0.06040939597315436)], [(0.996215909090909, 3.787878787878788e-06), (0.9463154362416107, 0.04698657718120806)], [(0.996215909090909, 3.787878787878788e-06), (0.8792013422818792, 0.11410067114093961)], [(0.996215909090909, 3.787878787878788e-06), (0.9932953020134229, 6.7114093959731546e-06)], [(0.996215909090909, 3.787878787878788e-06), (0.785241610738255, 0.20806040268456377)], [(0.8977310606060607, 0.09848863636363636), (0.9865838926174497, 0.006718120805369127)], [(0.22727651515151515, 0.7689431818181819), (0.8993355704697987, 0.09396644295302013)], [(0.9166704545454546, 0.07954924242424243), (0.8120872483221477, 0.18121476510067114)], [(0.9810643939393938, 0.015155303030303031), (0.825510067114094, 0.16779194630872485)], [(0.9810643939393938, 0.015155303030303031), (0.8523557046979866, 0.14094630872483221)], [(0.9924280303030302, 0.0037916666666666663), (0.8389328859060403, 0.15436912751677853)], [(0.9924280303030302, 0.0037916666666666663), (0.959738255033557, 0.03356375838926175)], [(0.9886401515151514, 0.007579545454545454), (0.9261812080536913, 0.06712080536912751)], [(0.996215909090909, 3.787878787878788e-06), (0.9865838926174497, 0.006718120805369127)], [(0.9924280303030302, 0.0037916666666666663), (0.8523557046979866, 0.14094630872483221)], [(0.14015530303030302, 0.8560643939393939), (0.9396040268456376, 0.0536979865771812)], [(0.9507613636363637, 0.04545833333333333), (0.9530268456375839, 0.0402751677852349)], [(0.962125, 0.03409469696969697), (0.912758389261745, 0.08054362416107382)], [(0.9734886363636363, 0.02273106060606061), (0.9463154362416107, 0.04698657718120806)], [(0.9734886363636363, 0.02273106060606061), (0.8926241610738256, 0.10067785234899329)], [(0.996215909090909, 3.787878787878788e-06), (0.9798724832214766, 0.013429530201342282)], [(0.996215909090909, 3.787878787878788e-06), (0.9664496644295303, 0.026852348993288592)], [(0.9886401515151514, 0.007579545454545454), (0.9060469798657719, 0.08725503355704697)], [(0.996215909090909, 3.787878787878788e-06), (0.9530268456375839, 0.0402751677852349)], [(0.9886401515151514, 0.007579545454545454), (0.4899395973154363, 0.5033624161073826)], [(0.6553068181818182, 0.3409128787878788), (0.9865838926174497, 0.006718120805369127)], [(0.6553068181818182, 0.3409128787878788), (0.959738255033557, 0.03356375838926175)], [(0.7272765151515151, 0.26894318181818183), (0.8590671140939597, 0.13423489932885907)], [(0.9734886363636363, 0.02273106060606061), (0.8792013422818792, 0.11410067114093961)], [(0.9848522727272726, 0.011367424242424241), (0.8590671140939597, 0.13423489932885907)], [(0.996215909090909, 3.787878787878788e-06), (0.959738255033557, 0.03356375838926175)], [(0.9848522727272726, 0.011367424242424241), (0.7181275167785235, 0.2751744966442953)], [(0.996215909090909, 3.787878787878788e-06), (0.8926241610738256, 0.10067785234899329)], [(0.996215909090909, 3.787878787878788e-06), (0.9328926174496645, 0.06040939597315436)], [(0.996215909090909, 3.787878787878788e-06), (0.8926241610738256, 0.10067785234899329)], [(0.12121590909090908, 0.8750037878787879), (0.8120872483221477, 0.18121476510067114)], [(0.9393977272727273, 0.0568219696969697), (0.9731610738255034, 0.020140939597315437)], [(0.9734886363636363, 0.02273106060606061), (0.872489932885906, 0.12081208053691277)], [(0.9924280303030302, 0.0037916666666666663), (0.8926241610738256, 0.10067785234899329)], [(0.9886401515151514, 0.007579545454545454), (0.9463154362416107, 0.04698657718120806)], [(0.9810643939393938, 0.015155303030303031), (0.9396040268456376, 0.0536979865771812)], [(0.9886401515151514, 0.007579545454545454), (0.9261812080536913, 0.06712080536912751)], [(0.9886401515151514, 0.007579545454545454), (0.8926241610738256, 0.10067785234899329)], [(0.996215909090909, 3.787878787878788e-06), (0.9463154362416107, 0.04698657718120806)], [(0.996215909090909, 3.787878787878788e-06), (0.738261744966443, 0.25504026845637584)], [(0.026518939393939397, 0.9697007575757575), (0.40269127516778525, 0.5906107382550336)], [(0.9848522727272726, 0.011367424242424241), (0.8993355704697987, 0.09396644295302013)], [(0.9886401515151514, 0.007579545454545454), (0.8590671140939597, 0.13423489932885907)], [(0.996215909090909, 3.787878787878788e-06), (0.9396040268456376, 0.0536979865771812)], [(0.9924280303030302, 0.0037916666666666663), (0.9798724832214766, 0.013429530201342282)], [(0.996215909090909, 3.787878787878788e-06), (0.9798724832214766, 0.013429530201342282)], [(0.9924280303030302, 0.0037916666666666663), (0.9664496644295303, 0.026852348993288592)], [(0.996215909090909, 3.787878787878788e-06), (0.9731610738255034, 0.020140939597315437)], [(0.996215909090909, 3.787878787878788e-06), (0.9932953020134229, 6.7114093959731546e-06)], [(0.996215909090909, 3.787878787878788e-06), (0.9463154362416107, 0.04698657718120806)]]

Testing Winnow2 model
classification attempts( 272 ), #fails( 9 ), #success( 263 )

Testing Naive Bayes model
#classification attempts( 272 ), #fails( 7 ), #success( 265 )

