
INPUTS
filepath: /Users/Tarney/Dropbox/1_School/JohnsHopkins/MachineLearning649/assignment1/data/pre_processed_data/breast_cancer_wisconsin_benign0_malignant1.csv
fraction of data to train:  0.66
number of input vectors:  683

learning data size:  411
test data size:  272

Winnow2 learned weights:
[0.125, 2.0, 4.0, 1.0, 1.0, 4.0, 4.0, 16.0, 8.0, 64.0, 0.0625, 1.0, 8.0, 0.5, 16.0, 16.0, 8.0, 4.0, 2.0, 32.0, 0.03125, 4.0, 2.0, 4.0, 16.0, 8.0, 4.0, 16.0, 2.0, 8.0, 0.25, 2.0, 8.0, 8.0, 8.0, 2.0, 4.0, 8.0, 1.0, 8.0, 0.5, 2.0, 8.0, 2.0, 8.0, 32.0, 2.0, 4.0, 1.0, 4.0, 0.0625, 4.0, 16.0, 2.0, 4.0, 8.0, 1.0, 2.0, 8.0, 32.0, 2.0, 4.0, 1.0, 4.0, 16.0, 2.0, 16.0, 4.0, 2.0, 1.0, 2.0, 1.0, 4.0, 8.0, 4.0, 2.0, 2.0, 2.0, 4.0, 16.0, 8.0, 8.0, 8.0, 4.0, 4.0, 1.0, 2.0, 2.0, 1.0, 4.0]

Naive Bayes learned percentages
[[(0.6969734848484849, 0.29924621212121216), (0.9798724832214766, 0.013429530201342282)], [(0.9015189393939395, 0.09470075757575758), (0.9798724832214766, 0.013429530201342282)], [(0.784094696969697, 0.21212499999999998), (0.9463154362416107, 0.04698657718120806)], [(0.8409128787878788, 0.15530681818181818), (0.959738255033557, 0.03356375838926175)], [(0.8068219696969697, 0.18939772727272727), (0.825510067114094, 0.16779194630872485)], [(0.962125, 0.03409469696969697), (0.9194697986577182, 0.07383221476510067)], [(0.996215909090909, 3.787878787878788e-06), (0.9060469798657719, 0.08725503355704697)], [(0.9848522727272726, 0.011367424242424241), (0.8389328859060403, 0.15436912751677853)], [(0.996215909090909, 3.787878787878788e-06), (0.9261812080536913, 0.06712080536912751)], [(0.996215909090909, 3.787878787878788e-06), (0.6577248322147652, 0.3355771812080537)], [(0.15530681818181818, 0.8409128787878788), (0.9798724832214766, 0.013429530201342282)], [(0.9053068181818182, 0.09091287878787879), (0.959738255033557, 0.03356375838926175)], [(0.9545492424242424, 0.041670454545454545), (0.8792013422818792, 0.11410067114093961)], [(0.9810643939393938, 0.015155303030303031), (0.8792013422818792, 0.11410067114093961)], [(0.996215909090909, 3.787878787878788e-06), (0.8792013422818792, 0.11410067114093961)], [(0.996215909090909, 3.787878787878788e-06), (0.8859127516778523, 0.10738926174496645)], [(0.9924280303030302, 0.0037916666666666663), (0.9194697986577182, 0.07383221476510067)], [(0.996215909090909, 3.787878787878788e-06), (0.8993355704697987, 0.09396644295302013)], [(0.9924280303030302, 0.0037916666666666663), (0.9731610738255034, 0.020140939597315437)], [(0.996215909090909, 3.787878787878788e-06), (0.6845704697986578, 0.30873154362416105)], [(0.22348863636363636, 0.7727310606060607), (0.9865838926174497, 0.006718120805369127)], [(0.8750037878787879, 0.12121590909090908), (0.9463154362416107, 0.04698657718120806)], [(0.9393977272727273, 0.0568219696969697), (0.912758389261745, 0.08054362416107382)], [(0.9659128787878788, 0.03030681818181818), (0.8657785234899329, 0.12752348993288593)], [(0.9924280303030302, 0.0037916666666666663), (0.872489932885906, 0.12081208053691277)], [(0.9924280303030302, 0.0037916666666666663), (0.872489932885906, 0.12081208053691277)], [(0.9886401515151514, 0.007579545454545454), (0.8859127516778523, 0.10738926174496645)], [(0.996215909090909, 3.787878787878788e-06), (0.8926241610738256, 0.10067785234899329)], [(0.996215909090909, 3.787878787878788e-06), (0.9664496644295303, 0.026852348993288592)], [(0.996215909090909, 3.787878787878788e-06), (0.738261744966443, 0.25504026845637584)], [(0.1742462121212121, 0.8219734848484849), (0.8859127516778523, 0.10738926174496645)], [(0.9166704545454546, 0.07954924242424243), (0.9261812080536913, 0.06712080536912751)], [(0.9356098484848485, 0.06060984848484849), (0.8590671140939597, 0.13423489932885907)], [(0.9810643939393938, 0.015155303030303031), (0.8859127516778523, 0.10738926174496645)], [(0.9848522727272726, 0.011367424242424241), (0.9194697986577182, 0.07383221476510067)], [(0.9886401515151514, 0.007579545454545454), (0.8993355704697987, 0.09396644295302013)], [(0.996215909090909, 3.787878787878788e-06), (0.9463154362416107, 0.04698657718120806)], [(0.996215909090909, 3.787878787878788e-06), (0.872489932885906, 0.12081208053691277)], [(0.996215909090909, 3.787878787878788e-06), (0.9798724832214766, 0.013429530201342282)], [(0.996215909090909, 3.787878787878788e-06), (0.7651073825503356, 0.2281946308724832)], [(0.8901553030303031, 0.10606439393939394), (0.9865838926174497, 0.006718120805369127)], [(0.22348863636363636, 0.7727310606060607), (0.8993355704697987, 0.09396644295302013)], [(0.928034090909091, 0.06818560606060607), (0.872489932885906, 0.12081208053691277)], [(0.9810643939393938, 0.015155303030303031), (0.8456442953020135, 0.1476577181208054)], [(0.9810643939393938, 0.015155303030303031), (0.8456442953020135, 0.1476577181208054)], [(0.9924280303030302, 0.0037916666666666663), (0.8120872483221477, 0.18121476510067114)], [(0.9924280303030302, 0.0037916666666666663), (0.9530268456375839, 0.0402751677852349)], [(0.9886401515151514, 0.007579545454545454), (0.8859127516778523, 0.10738926174496645)], [(0.996215909090909, 3.787878787878788e-06), (0.9798724832214766, 0.013429530201342282)], [(0.9924280303030302, 0.0037916666666666663), (0.8590671140939597, 0.13423489932885907)], [(0.12500378787878788, 0.8712159090909091), (0.8993355704697987, 0.09396644295302013)], [(0.9545492424242424, 0.041670454545454545), (0.9530268456375839, 0.0402751677852349)], [(0.962125, 0.03409469696969697), (0.9261812080536913, 0.06712080536912751)], [(0.9848522727272726, 0.011367424242424241), (0.9530268456375839, 0.0402751677852349)], [(0.977276515151515, 0.01894318181818182), (0.912758389261745, 0.08054362416107382)], [(0.996215909090909, 3.787878787878788e-06), (0.9731610738255034, 0.020140939597315437)], [(0.996215909090909, 3.787878787878788e-06), (0.9664496644295303, 0.026852348993288592)], [(0.9886401515151514, 0.007579545454545454), (0.9194697986577182, 0.07383221476510067)], [(0.996215909090909, 3.787878787878788e-06), (0.9530268456375839, 0.0402751677852349)], [(0.9848522727272726, 0.011367424242424241), (0.4832281879194631, 0.5100738255033558)], [(0.678034090909091, 0.3181856060606061), (0.9798724832214766, 0.013429530201342282)], [(0.6212159090909091, 0.3750037878787879), (0.9530268456375839, 0.0402751677852349)], [(0.7310643939393939, 0.26515530303030305), (0.872489932885906, 0.12081208053691277)], [(0.9810643939393938, 0.015155303030303031), (0.8590671140939597, 0.13423489932885907)], [(0.9886401515151514, 0.007579545454545454), (0.872489932885906, 0.12081208053691277)], [(0.996215909090909, 3.787878787878788e-06), (0.959738255033557, 0.03356375838926175)], [(0.9810643939393938, 0.015155303030303031), (0.7114161073825503, 0.2818859060402684)], [(0.996215909090909, 3.787878787878788e-06), (0.8389328859060403, 0.15436912751677853)], [(0.996215909090909, 3.787878787878788e-06), (0.959738255033557, 0.03356375838926175)], [(0.996215909090909, 3.787878787878788e-06), (0.9328926174496645, 0.06040939597315436)], [(0.12879166666666667, 0.8674280303030303), (0.8187986577181209, 0.174503355704698)], [(0.9242462121212122, 0.07197348484848486), (0.9664496644295303, 0.026852348993288592)], [(0.9734886363636363, 0.02273106060606061), (0.8523557046979866, 0.14094630872483221)], [(0.9924280303030302, 0.0037916666666666663), (0.9194697986577182, 0.07383221476510067)], [(0.9886401515151514, 0.007579545454545454), (0.9060469798657719, 0.08725503355704697)], [(0.9848522727272726, 0.011367424242424241), (0.959738255033557, 0.03356375838926175)], [(0.9924280303030302, 0.0037916666666666663), (0.9328926174496645, 0.06040939597315436)], [(0.9886401515151514, 0.007579545454545454), (0.912758389261745, 0.08054362416107382)], [(0.996215909090909, 3.787878787878788e-06), (0.9463154362416107, 0.04698657718120806)], [(0.996215909090909, 3.787878787878788e-06), (0.7248389261744966, 0.26846308724832213)], [(0.026518939393939397, 0.9697007575757575), (0.4698053691275168, 0.5234966442953021)], [(0.9848522727272726, 0.011367424242424241), (0.8926241610738256, 0.10067785234899329)], [(0.9924280303030302, 0.0037916666666666663), (0.8590671140939597, 0.13423489932885907)], [(0.996215909090909, 3.787878787878788e-06), (0.9328926174496645, 0.06040939597315436)], [(0.9924280303030302, 0.0037916666666666663), (0.9731610738255034, 0.020140939597315437)], [(0.996215909090909, 3.787878787878788e-06), (0.9798724832214766, 0.013429530201342282)], [(0.9924280303030302, 0.0037916666666666663), (0.959738255033557, 0.03356375838926175)], [(0.9924280303030302, 0.0037916666666666663), (0.9664496644295303, 0.026852348993288592)], [(0.996215909090909, 3.787878787878788e-06), (0.9932953020134229, 6.7114093959731546e-06)], [(0.996215909090909, 3.787878787878788e-06), (0.912758389261745, 0.08054362416107382)]]

Testing Winnow2 model
classification attempts( 272 ), #fails( 13 ), #success( 259 )

Testing Naive Bayes model
#classification attempts( 272 ), #fails( 7 ), #success( 265 )

