
INPUTS
filepath: /Users/Tarney/Dropbox/1_School/JohnsHopkins/MachineLearning649/assignment1/data/pre_processed_data/vote_data_r0_d1.csv
fraction of data to train:  0.66
number of input vectors:  435

learning data size:  263
test data size:  172

Winnow2 learned weights:
[0.125, 2.0, 2.0, 0.0625, 4.0, 2.0, 0.0625, 4.0, 2.0, 16.0, 0.00390625, 8.0, 1.0, 0.125, 4.0, 1.0, 0.5, 1.0, 4.0, 0.125, 1.0, 1.0, 1.0, 0.5, 0.0625, 4.0, 2.0, 1.0, 0.5, 1.0, 0.03125, 16.0, 1.0, 2.0, 0.5, 0.5, 0.25, 1.0, 2.0, 2.0, 0.125, 2.0, 0.125, 4.0, 1.0, 1.0, 0.125, 4.0]

Naive Bayes learned percentages
[[(0.20000952380952383, 0.7904857142857143), (0.6000062500000001, 0.39375625)], [(0.8000095238095238, 0.19048571428571429), (0.41250625, 0.58125625)], [(0.9809619047619048, 0.009533333333333333), (0.9750062500000001, 0.01875625)], [(0.5333428571428571, 0.4571523809523809), (0.56250625, 0.43125625)], [(0.5523904761904762, 0.4381047619047619), (0.54375625, 0.45000625000000005)], [(0.8952476190476191, 0.09524761904761904), (0.8812562500000001, 0.11250625)], [(0.15239047619047622, 0.8381047619047619), (0.89375625, 0.10000625)], [(0.857152380952381, 0.13334285714285712), (0.11250625, 0.8812562500000001)], [(0.9714380952380953, 0.019057142857142856), (0.98125625, 0.01250625)], [(0.9714380952380953, 0.019057142857142856), (0.06875624999999999, 0.92500625)], [(0.02858095238095238, 0.9619142857142857), (0.95625625, 0.037506250000000005)], [(0.9809619047619048, 0.009533333333333333), (0.96250625, 0.03125625)], [(0.9428666666666667, 0.04762857142857143), (0.27500625, 0.71875625)], [(0.057152380952380955, 0.9333428571428571), (0.76875625, 0.22500625)], [(0.9809619047619048, 0.009533333333333333), (0.9437562500000001, 0.050006249999999995)], [(0.8762000000000001, 0.11429523809523809), (0.51250625, 0.48125625000000005)], [(0.12381904761904762, 0.8666761904761905), (0.51875625, 0.47500625)], [(0.9809619047619048, 0.009533333333333333), (0.95625625, 0.037506250000000005)], [(0.2762, 0.7142952380952381), (0.75000625, 0.24375624999999998)], [(0.7523904761904763, 0.23810476190476193), (0.26250625, 0.73125625)], [(0.9523904761904762, 0.038104761904761905), (0.9750062500000001, 0.01875625)], [(0.20953333333333335, 0.7809619047619049), (0.8187562500000001, 0.17500625)], [(0.8381047619047619, 0.15239047619047622), (0.18750625, 0.80625625)], [(0.9333428571428571, 0.057152380952380955), (0.98125625, 0.01250625)], [(0.12381904761904762, 0.8666761904761905), (0.75000625, 0.24375624999999998)], [(0.8762000000000001, 0.11429523809523809), (0.33125625, 0.6625062500000001)], [(0.9809619047619048, 0.009533333333333333), (0.90625625, 0.08750625)], [(0.5714380952380952, 0.41905714285714285), (0.51250625, 0.48125625000000005)], [(0.42858095238095234, 0.5619142857142857), (0.50000625, 0.49375625)], [(0.9809619047619048, 0.009533333333333333), (0.9750062500000001, 0.01875625)], [(0.16191428571428573, 0.8285809523809524), (0.51875625, 0.47500625)], [(0.8952476190476191, 0.09524761904761904), (0.51250625, 0.48125625000000005)], [(0.9238190476190477, 0.06667619047619049), (0.95625625, 0.037506250000000005)], [(0.857152380952381, 0.13334285714285712), (0.18125625, 0.81250625)], [(0.21905714285714287, 0.7714380952380953), (0.8812562500000001, 0.11250625)], [(0.9047714285714287, 0.08572380952380952), (0.92500625, 0.06875624999999999)], [(0.8095333333333333, 0.18096190476190477), (0.31250625, 0.68125625)], [(0.24762857142857145, 0.7428666666666667), (0.73125625, 0.26250625)], [(0.9238190476190477, 0.06667619047619049), (0.9437562500000001, 0.050006249999999995)], [(0.9809619047619048, 0.009533333333333333), (0.36875625, 0.62500625)], [(0.06667619047619049, 0.9238190476190477), (0.6625062500000001, 0.33125625)], [(0.9333428571428571, 0.057152380952380955), (0.95625625, 0.037506250000000005)], [(0.16191428571428573, 0.8285809523809524), (0.68125625, 0.31250625)], [(0.8952476190476191, 0.09524761904761904), (0.37500625, 0.61875625)], [(0.9238190476190477, 0.06667619047619049), (0.93125625, 0.06250625)], [(0.7047714285714286, 0.28572380952380955), (0.95625625, 0.037506250000000005)], [(0.42858095238095234, 0.5619142857142857), (0.35625625, 0.63750625)], [(0.8476285714285715, 0.14286666666666667), (0.67500625, 0.31875624999999996)]]

Testing Winnow2 model
classification attempts( 172 ), #fails( 15 ), #success( 157 )

Testing Naive Bayes model
#classification attempts( 172 ), #fails( 17 ), #success( 155 )

