
INPUTS
filepath: /Users/Tarney/Dropbox/1_School/JohnsHopkins/MachineLearning649/assignment1/data/pre_processed_data/vote_data_r0_d1.csv
fraction of data to train:  0.66
number of input vectors:  435

learning data size:  263
test data size:  172

Winnow2 learned weights:
[1.0, 2.0, 0.5, 0.5, 2.0, 1.0, 0.5, 4.0, 0.5, 16.0, 0.0625, 1.0, 2.0, 0.25, 2.0, 0.5, 2.0, 1.0, 2.0, 0.25, 2.0, 4.0, 1.0, 0.25, 0.125, 4.0, 2.0, 2.0, 0.5, 1.0, 0.125, 8.0, 1.0, 8.0, 0.25, 0.5, 0.5, 1.0, 2.0, 2.0, 0.5, 1.0, 0.125, 8.0, 1.0, 1.0, 0.5, 2.0]

Naive Bayes learned percentages
[[(0.1792547169811321, 0.8113301886792453), (0.6037798742138365, 0.3899433962264151)], [(0.8301981132075472, 0.1603867924528302), (0.42138993710691824, 0.5723333333333334)], [(0.9717075471698113, 0.018877358490566036), (0.9622704402515724, 0.03145283018867925)], [(0.5566132075471698, 0.4339716981132075), (0.5471761006289309, 0.4465471698113208)], [(0.5471792452830189, 0.44340566037735846), (0.5660440251572327, 0.42767924528301887)], [(0.8773679245283019, 0.11321698113207547), (0.8742201257861636, 0.11950314465408805)], [(0.12265094339622641, 0.867933962264151), (0.8805094339622642, 0.11321383647798743)], [(0.8868018867924529, 0.10378301886792453), (0.13208176100628932, 0.8616415094339623)], [(0.9717075471698113, 0.018877358490566036), (0.9748490566037736, 0.01887421383647799)], [(0.9717075471698113, 0.018877358490566036), (0.06918867924528302, 0.9245345911949686)], [(0.037745283018867926, 0.9528396226415095), (0.9559811320754718, 0.037742138364779874)], [(0.9717075471698113, 0.018877358490566036), (0.9622704402515724, 0.03145283018867925)], [(0.9339716981132076, 0.056613207547169815), (0.2578679245283019, 0.7358553459119497)], [(0.07548113207547169, 0.9151037735849057), (0.7798805031446541, 0.21384276729559748)], [(0.9717075471698113, 0.018877358490566036), (0.9496918238993711, 0.0440314465408805)], [(0.8773679245283019, 0.11321698113207547), (0.4905723270440252, 0.5031509433962265)], [(0.12265094339622641, 0.867933962264151), (0.5345974842767296, 0.45912578616352206)], [(0.9811415094339623, 0.009443396226415093), (0.9622704402515724, 0.03145283018867925)], [(0.23585849056603775, 0.7547264150943397), (0.7735911949685534, 0.2201320754716981)], [(0.7830283018867925, 0.20755660377358492), (0.24528930817610062, 0.7484339622641509)], [(0.9622735849056604, 0.02831132075471698), (0.968559748427673, 0.02516352201257862)], [(0.20755660377358492, 0.7830283018867925), (0.8239056603773586, 0.1698176100628931)], [(0.8490660377358491, 0.1415188679245283), (0.18868553459119497, 0.8050377358490566)], [(0.9245377358490566, 0.06604716981132076), (0.9748490566037736, 0.01887421383647799)], [(0.12265094339622641, 0.867933962264151), (0.7798805031446541, 0.21384276729559748)], [(0.8868018867924529, 0.10378301886792453), (0.29560377358490564, 0.6981194968553459)], [(0.9717075471698113, 0.018877358490566036), (0.9119559748427674, 0.08176729559748427)], [(0.5943490566037736, 0.39623584905660375), (0.4717044025157233, 0.5220188679245283)], [(0.41510377358490563, 0.5754811320754717), (0.5345974842767296, 0.45912578616352206)], [(0.9717075471698113, 0.018877358490566036), (0.9811383647798743, 0.012584905660377357)], [(0.18868867924528304, 0.8018962264150944), (0.4905723270440252, 0.5031509433962265)], [(0.8585, 0.13208490566037737), (0.5408867924528302, 0.45283647798742144)], [(0.9339716981132076, 0.056613207547169815), (0.9559811320754718, 0.037742138364779874)], [(0.8490660377358491, 0.1415188679245283), (0.239, 0.7547232704402516)], [(0.20755660377358492, 0.7830283018867925), (0.8427735849056605, 0.1509496855345912)], [(0.9245377358490566, 0.06604716981132076), (0.9056666666666667, 0.0880566037735849)], [(0.867933962264151, 0.12265094339622641), (0.3584968553459119, 0.6352264150943396)], [(0.18868867924528304, 0.8018962264150944), (0.6981194968553459, 0.29560377358490564)], [(0.9245377358490566, 0.06604716981132076), (0.9308238993710692, 0.06289937106918239)], [(0.9622735849056604, 0.02831132075471698), (0.3836540880503144, 0.6100691823899371)], [(0.06604716981132076, 0.9245377358490566), (0.6415157232704403, 0.3522075471698113)], [(0.9528396226415095, 0.037745283018867926), (0.9622704402515724, 0.03145283018867925)], [(0.13208490566037737, 0.8585), (0.6981194968553459, 0.29560377358490564)], [(0.9245377358490566, 0.06604716981132076), (0.3522075471698113, 0.6415157232704403)], [(0.9245377358490566, 0.06604716981132076), (0.9371132075471699, 0.05661006289308176)], [(0.6886886792452831, 0.30189622641509434), (0.968559748427673, 0.02516352201257862)], [(0.4339716981132075, 0.5566132075471698), (0.3333396226415094, 0.6603836477987421)], [(0.8585, 0.13208490566037737), (0.6855408805031447, 0.3081823899371069)]]

Testing Winnow2 model
classification attempts( 172 ), #fails( 9 ), #success( 163 )

Testing Naive Bayes model
#classification attempts( 172 ), #fails( 21 ), #success( 151 )

