
INPUTS
filepath: /Users/Tarney/Dropbox/1_School/JohnsHopkins/MachineLearning649/assignment1/data/pre_processed_data/vote_data_r0_d1.csv
fraction of data to train:  0.66
number of input vectors:  435

learning data size:  263
test data size:  172

Winnow2 learned weights:
[0.125, 4.0, 2.0, 0.25, 1.0, 4.0, 0.0625, 4.0, 4.0, 16.0, 0.015625, 4.0, 0.5, 0.25, 8.0, 0.25, 2.0, 2.0, 1.0, 0.25, 4.0, 4.0, 0.5, 0.5, 0.5, 1.0, 2.0, 2.0, 0.25, 2.0, 0.0625, 8.0, 2.0, 2.0, 1.0, 0.5, 1.0, 0.5, 2.0, 1.0, 1.0, 1.0, 0.25, 1.0, 4.0, 1.0, 0.25, 4.0]

Naive Bayes learned percentages
[[(0.1941844660194175, 0.796126213592233), (0.6481543209876544, 0.34568518518518515)], [(0.8155436893203883, 0.17476699029126214), (0.4012407407407408, 0.5925987654320988)], [(0.9708834951456311, 0.019427184466019418), (0.9382777777777778, 0.055561728395061724)], [(0.5728252427184466, 0.4174854368932039), (0.5864259259259259, 0.4074135802469136)], [(0.5242815533980583, 0.4660291262135922), (0.5185246913580247, 0.47531481481481486)], [(0.8835048543689321, 0.10680582524271844), (0.8827222222222223, 0.11111728395061729)], [(0.1553495145631068, 0.8349611650485438), (0.8827222222222223, 0.11111728395061729)], [(0.8446699029126215, 0.1456407766990291), (0.1419814814814815, 0.8518580246913581)], [(0.9805922330097088, 0.009718446601941747), (0.9629691358024691, 0.03087037037037037)], [(0.9708834951456311, 0.019427184466019418), (0.07408024691358024, 0.9197592592592593)], [(0.029135922330097087, 0.9611747572815534), (0.9567962962962964, 0.037043209876543214)], [(0.9805922330097088, 0.009718446601941747), (0.9567962962962964, 0.037043209876543214)], [(0.9126310679611651, 0.07767961165048543), (0.27778395061728395, 0.7160555555555556)], [(0.0873883495145631, 0.9029223300970874), (0.777783950617284, 0.21605555555555553)], [(0.9805922330097088, 0.009718446601941747), (0.932104938271605, 0.06173456790123456)], [(0.8835048543689321, 0.10680582524271844), (0.4629691358024692, 0.5308703703703704)], [(0.10680582524271844, 0.8835048543689321), (0.5555617283950618, 0.4382777777777778)], [(0.9903009708737864, 9.70873786407767e-06), (0.969141975308642, 0.024697530864197532)], [(0.27185436893203885, 0.7184563106796117), (0.777783950617284, 0.21605555555555553)], [(0.7281650485436894, 0.2621456310679612), (0.2530925925925926, 0.7407469135802469)], [(0.9805922330097088, 0.009718446601941747), (0.9567962962962964, 0.037043209876543214)], [(0.18447572815533983, 0.8058349514563107), (0.8024753086419754, 0.1913641975308642)], [(0.8446699029126215, 0.1456407766990291), (0.20370987654320985, 0.7901296296296296)], [(0.9514660194174758, 0.03884466019417476), (0.9814876543209877, 0.012351851851851852)], [(0.1456407766990291, 0.8446699029126215), (0.7592654320987655, 0.23457407407407405)], [(0.8446699029126215, 0.1456407766990291), (0.3024753086419753, 0.6913641975308642)], [(0.9903009708737864, 9.70873786407767e-06), (0.9259320987654321, 0.0679074074074074)], [(0.5631165048543689, 0.42719417475728155), (0.469141975308642, 0.5246975308641976)], [(0.42719417475728155, 0.5631165048543689), (0.5432160493827161, 0.4506234567901235)], [(0.9903009708737864, 9.70873786407767e-06), (0.9753148148148149, 0.01852469135802469)], [(0.16505825242718447, 0.8252524271844661), (0.5123518518518518, 0.48148765432098767)], [(0.8737961165048544, 0.11651456310679612), (0.5185246913580247, 0.47531481481481486)], [(0.9417572815533981, 0.04855339805825243), (0.9567962962962964, 0.037043209876543214)], [(0.8543786407766991, 0.13593203883495145), (0.197537037037037, 0.7963024691358025)], [(0.1941844660194175, 0.796126213592233), (0.8580308641975309, 0.13580864197530865)], [(0.9320485436893204, 0.0582621359223301), (0.932104938271605, 0.06173456790123456)], [(0.8349611650485438, 0.1553495145631068), (0.314820987654321, 0.6790185185185186)], [(0.20389320388349516, 0.7864174757281553), (0.7222283950617284, 0.2716111111111111)], [(0.9417572815533981, 0.04855339805825243), (0.9506234567901235, 0.04321604938271605)], [(0.9708834951456311, 0.019427184466019418), (0.351858024691358, 0.6419814814814815)], [(0.03884466019417476, 0.9514660194174758), (0.6790185185185186, 0.314820987654321)], [(0.9708834951456311, 0.019427184466019418), (0.9567962962962964, 0.037043209876543214)], [(0.1553495145631068, 0.8349611650485438), (0.6605, 0.3333395061728395)], [(0.9029223300970874, 0.0873883495145631), (0.4012407407407408, 0.5925987654320988)], [(0.9223398058252428, 0.06797087378640777), (0.9259320987654321, 0.0679074074074074)], [(0.708747572815534, 0.2815631067961165), (0.9444506172839506, 0.049388888888888885)], [(0.3980679611650485, 0.5922427184466019), (0.3827222222222222, 0.6111172839506173)], [(0.8737961165048544, 0.11651456310679612), (0.6605, 0.3333395061728395)]]

Testing Winnow2 model
classification attempts( 172 ), #fails( 14 ), #success( 158 )

Testing Naive Bayes model
#classification attempts( 172 ), #fails( 13 ), #success( 159 )

